0.000392	0.407	98.838	129.830	34.593	27.675	10.156	20.000	72
0.030920	0.000	100.000	111.669	35.000	28.000	10.313	1.356	72
0.061497	0.000	100.000	110.471	35.000	28.000	10.471	0.000	72
0.092037	0.000	100.000	110.628	35.000	28.000	10.628	0.000	72
0.122618	0.000	100.000	110.786	35.000	28.000	10.786	0.000	72
0.153295	0.000	100.000	110.943	35.000	28.000	10.943	0.000	72
0.183986	0.000	100.000	111.101	35.000	28.000	11.101	0.000	72
0.214671	0.000	100.000	111.258	35.000	28.000	11.258	0.000	72
0.245687	0.000	100.000	111.416	35.000	28.000	11.416	0.000	72
0.276217	0.000	100.000	111.573	35.000	28.000	11.573	0.000	72
0.307071	0.000	100.000	111.731	35.000	28.000	11.731	0.000	72
0.337779	0.000	100.000	111.888	35.000	28.000	11.888	0.000	72
0.368540	0.000	100.000	112.046	35.000	28.000	12.046	0.000	72
0.399291	0.000	100.000	112.203	35.000	28.000	12.203	0.000	72
0.430172	0.000	100.000	112.361	35.000	28.000	12.361	0.000	72
0.460996	0.000	100.000	112.518	35.000	28.000	12.518	0.000	72
0.491633	0.000	100.000	112.676	35.000	28.000	12.676	0.000	72
0.522413	0.000	100.000	112.833	35.000	28.000	12.833	0.000	72
0.553144	0.000	100.000	112.991	35.000	28.000	12.991	0.000	72
0.583711	0.000	100.000	113.148	35.000	28.000	13.148	0.000	72
0.614369	0.000	100.000	113.306	35.000	28.000	13.306	0.000	72
0.645107	0.000	100.000	113.463	35.000	28.000	13.463	0.000	72
0.676052	0.000	100.000	113.621	35.000	28.000	13.621	0.000	72
0.706790	0.000	100.000	113.778	35.000	28.000	13.778	0.000	72
0.737681	0.000	100.000	113.936	35.000	28.000	13.936	0.000	72
0.768327	0.235	99.330	113.123	34.765	27.812	14.092	-0.782	72
0.799108	0.526	98.496	112.853	34.474	27.579	14.247	-0.973	72
0.829694	0.703	97.990	113.249	34.297	27.437	14.402	-0.590	72
0.860230	1.168	96.664	112.072	33.832	27.066	14.554	-1.547	72
0.890844	1.517	95.666	112.326	33.483	26.786	14.704	-1.165	72
0.921816	1.871	94.654	112.176	33.129	26.503	14.854	-1.180	72
0.952421	2.627	92.493	110.377	32.373	25.898	14.999	-2.520	72
0.982948	2.862	91.823	112.073	32.138	25.711	15.144	-0.782	72
1.013471	3.446	90.155	110.583	31.554	25.243	15.286	-1.946	72
1.044178	4.207	87.981	109.523	30.793	24.635	15.424	-2.536	72
1.074870	4.499	87.147	110.990	30.501	24.401	15.562	-0.973	72
1.105388	5.082	85.479	109.684	29.918	23.934	15.696	-1.946	72
1.135938	5.786	83.469	108.854	29.214	23.371	15.828	-2.345	72
1.166467	5.786	83.469	111.331	29.214	23.371	15.959	0.000	72
1.197034	6.485	81.472	108.571	28.515	22.812	16.088	-2.329	72
1.227965	7.480	78.628	106.909	27.520	22.016	16.211	-3.318	72
1.258848	8.533	75.620	105.995	26.467	21.174	16.331	-3.510	72
1.289405	8.997	74.294	107.702	26.003	20.802	16.448	-1.547	72
1.320678	9.816	71.956	105.981	25.184	20.148	16.561	-2.728	72
1.351430	10.691	69.453	105.198	24.309	19.447	16.670	-2.919	72
1.382139	11.218	67.949	106.048	23.782	19.026	16.777	-1.755	72
1.412946	12.094	65.447	104.286	22.906	18.325	16.880	-2.919	72
1.443519	12.682	63.765	104.873	22.318	17.854	16.981	-1.962	72
1.474716	13.146	62.439	105.015	21.854	17.483	17.079	-1.547	72
1.505271	13.965	60.101	103.274	21.035	16.828	17.174	-2.728	72
1.536270	14.726	57.927	102.948	20.274	16.219	17.265	-2.536	72
1.567132	15.836	54.754	100.982	19.164	15.331	17.351	-3.701	72
1.597801	16.827	51.924	100.670	18.173	14.539	17.433	-3.302	72
1.628483	17.765	49.244	100.172	17.235	13.788	17.511	-3.127	72
1.659262	18.525	47.070	100.228	16.475	13.180	17.585	-2.536	72
1.690074	19.109	45.402	100.423	15.891	12.713	17.656	-1.946	72
1.720881	19.401	44.568	101.232	15.599	12.479	17.726	-0.973	72
1.751486	20.512	41.396	97.681	14.488	11.591	17.792	-3.701	72
1.782179	20.684	40.903	100.735	14.316	11.453	17.856	-0.574	72
1.813300	22.148	36.719	95.314	12.852	10.281	17.914	-4.881	72
1.844080	22.263	36.391	99.778	12.737	10.189	17.971	-0.383	72
1.874750	22.440	35.885	99.485	12.560	10.048	18.028	-0.590	72
1.906183	23.608	32.549	95.300	11.392	9.114	18.079	-3.892	72
1.936875	24.015	31.387	97.561	10.985	8.788	18.128	-1.356	72
1.967659	24.484	30.047	97.025	10.516	8.413	18.176	-1.563	72
1.998252	25.302	27.708	95.250	9.698	7.758	18.219	-2.728	72
2.029071	25.886	26.040	95.605	9.114	7.291	18.260	-1.946	72
2.060042	25.594	26.874	98.801	9.406	7.525	18.303	0.973	72
2.091008	26.819	23.374	92.800	8.181	6.545	18.340	-4.084	72
2.121888	27.288	22.034	94.980	7.712	6.169	18.374	-1.563	72
2.152895	27.346	21.870	96.341	7.654	6.124	18.409	-0.191	72
2.183602	27.815	20.530	94.626	7.185	5.748	18.441	-1.563	72
2.214439	28.164	19.532	94.776	6.836	5.469	18.472	-1.165	72
2.245322	28.341	19.026	95.239	6.659	5.327	18.502	-0.590	72
2.276060	28.341	19.026	95.859	6.659	5.327	18.532	0.000	72
2.306993	28.221	19.368	96.384	6.779	5.423	18.562	0.399	72
2.338142	29.159	16.688	92.134	5.841	4.673	18.588	-3.127	72
2.368893	29.509	15.689	93.842	5.491	4.393	18.613	-1.165	72
2.399961	29.332	16.195	95.764	5.668	4.535	18.639	0.590	72
2.430743	29.624	15.361	93.991	5.376	4.301	18.663	-0.973	72
2.461550	29.451	15.853	95.701	5.549	4.439	18.688	0.574	72
2.492373	29.858	14.691	93.469	5.142	4.114	18.711	-1.356	72
2.523156	30.035	14.185	94.115	4.965	3.972	18.733	-0.590	72
2.554133	29.920	14.513	95.203	5.080	4.064	18.756	0.383	72
2.584908	30.093	14.021	94.130	4.907	3.926	18.778	-0.574	72
2.615600	30.327	13.351	93.756	4.673	3.738	18.799	-0.782	72
2.646338	30.442	13.023	94.083	4.558	3.646	18.820	-0.383	72
2.677226	29.686	15.183	97.616	5.314	4.251	18.844	2.520	72
2.708203	30.442	13.023	91.990	4.558	3.646	18.864	-2.520	72
2.738854	30.212	13.679	95.482	4.788	3.830	18.886	0.766	72
2.769511	30.385	13.187	94.025	4.615	3.692	18.907	-0.574	72
2.800424	30.734	12.189	93.174	4.266	3.413	18.926	-1.165	72
2.831107	30.385	13.187	95.803	4.615	3.692	18.947	1.165	72
2.862168	30.093	14.021	95.868	4.907	3.926	18.969	0.973	72
2.893233	30.442	13.023	93.471	4.558	3.646	18.989	-1.165	72
2.924159	30.035	14.185	96.339	4.965	3.972	19.011	1.356	72
2.954819	30.093	14.021	94.768	4.907	3.926	19.034	-0.191	72
2.985906	30.442	13.023	93.536	4.558	3.646	19.054	-1.165	72
3.016555	30.150	13.857	95.929	4.850	3.880	19.076	0.973	72
3.047259	29.743	15.019	96.661	5.257	4.205	19.100	1.356	72
3.078187	30.150	13.857	93.645	4.850	3.880	19.121	-1.356	72
3.109195	30.270	13.515	94.528	4.730	3.784	19.143	-0.399	72
3.140085	30.442	13.023	94.235	4.558	3.646	19.163	-0.574	72
3.170683	30.442	13.023	94.830	4.558	3.646	19.184	0.000	72
3.201629	30.035	14.185	96.534	4.965	3.972	19.206	1.356	72
3.232274	30.385	13.187	93.755	4.615	3.692	19.227	-1.165	72
3.262961	30.442	13.023	94.702	4.558	3.646	19.247	-0.191	72
3.293690	30.212	13.679	95.865	4.788	3.830	19.269	0.766	72
3.324424	30.327	13.351	94.645	4.673	3.738	19.290	-0.383	72
3.355316	30.093	14.021	96.020	4.907	3.926	19.312	0.782	72
3.386332	30.150	13.857	95.022	4.850	3.880	19.334	-0.191	72
3.417021	30.442	13.023	94.028	4.558	3.646	19.354	-0.973	72
3.447629	29.920	14.513	97.180	5.080	4.064	19.377	1.739	72
3.478371	29.624	15.361	96.692	5.376	4.301	19.401	0.989	72
3.509256	30.093	14.021	93.786	4.907	3.926	19.423	-1.563	72
3.540202	30.327	13.351	94.401	4.673	3.738	19.444	-0.782	72
3.571150	30.442	13.023	94.729	4.558	3.646	19.465	-0.383	72
3.602139	29.858	14.691	97.548	5.142	4.114	19.488	1.946	72
3.632705	30.385	13.187	93.447	4.615	3.692	19.509	-1.755	72
3.663490	30.327	13.351	95.460	4.673	3.738	19.530	0.191	72
3.694298	30.035	14.185	96.497	4.965	3.972	19.552	0.973	72
3.725195	30.150	13.857	95.071	4.850	3.880	19.574	-0.383	72
3.755970	30.504	12.845	94.011	4.496	3.597	19.594	-1.180	72
3.786862	30.676	12.353	94.498	4.324	3.459	19.614	-0.574	72
3.817851	30.327	13.351	96.538	4.673	3.738	19.635	1.165	72
3.848979	30.150	13.857	96.127	4.850	3.880	19.657	0.590	72
3.881293	30.504	12.845	94.093	4.496	3.597	19.677	-1.180	72
3.911986	30.150	13.857	96.759	4.850	3.880	19.699	1.180	72
3.942734	30.442	13.023	94.393	4.558	3.646	19.719	-0.973	72
3.973310	30.150	13.857	96.594	4.850	3.880	19.741	0.973	72
4.004063	30.327	13.351	94.910	4.673	3.738	19.762	-0.590	72
4.034785	30.676	12.353	94.076	4.324	3.459	19.782	-1.165	72
4.065978	30.212	13.679	97.181	4.788	3.830	19.803	1.547	72
4.096724	30.676	12.353	93.734	4.324	3.459	19.823	-1.547	72
4.127264	30.504	12.845	96.014	4.496	3.597	19.843	0.574	72
4.158060	30.093	14.021	97.163	4.907	3.926	19.865	1.372	72
4.188785	29.686	15.183	97.496	5.314	4.251	19.889	1.356	72
4.219530	30.327	13.351	93.510	4.673	3.738	19.910	-2.138	72
4.250067	29.920	14.513	97.352	5.080	4.064	19.933	1.356	72
4.280670	30.385	13.187	94.098	4.615	3.692	19.953	-1.547	72
4.311331	30.911	11.683	93.488	4.089	3.271	19.972	-1.755	72
4.342091	30.385	13.187	97.440	4.615	3.692	19.993	1.755	72
4.372782	30.442	13.023	95.468	4.558	3.646	20.013	-0.191	72
4.403564	30.212	13.679	96.631	4.788	3.830	20.035	0.766	72
4.434113	30.854	11.847	93.233	4.146	3.317	20.053	-2.138	72
4.464954	30.035	14.185	98.775	4.965	3.972	20.076	2.728	72
4.495907	30.504	12.845	94.129	4.496	3.597	20.096	-1.563	72
4.526602	30.442	13.023	95.970	4.558	3.646	20.116	0.207	72
4.557369	30.035	14.185	97.467	4.965	3.972	20.139	1.356	72
4.588171	30.562	12.681	93.955	4.438	3.551	20.159	-1.755	72
4.619028	30.150	13.857	97.432	4.850	3.880	20.180	1.372	72
4.649649	30.327	13.351	95.350	4.673	3.738	20.202	-0.590	72
4.680658	30.676	12.353	94.515	4.324	3.459	20.221	-1.165	72
4.711492	29.686	15.183	99.798	5.314	4.251	20.245	3.302	72
4.742319	30.150	13.857	94.599	4.850	3.880	20.267	-1.547	72
4.773138	30.212	13.679	95.911	4.788	3.830	20.288	-0.207	72
4.804161	30.270	13.515	95.902	4.730	3.784	20.310	-0.191	72
4.835050	30.442	13.023	95.402	4.558	3.646	20.330	-0.574	72
4.866094	30.442	13.023	95.997	4.558	3.646	20.351	0.000	72
4.897001	30.093	14.021	97.463	4.907	3.926	20.373	1.165	72
4.927751	30.327	13.351	95.350	4.673	3.738	20.394	-0.782	72
4.958442	30.385	13.187	95.915	4.615	3.692	20.414	-0.191	72
4.989257	30.911	11.683	93.949	4.089	3.271	20.433	-1.755	72
5.020010	30.327	13.351	98.138	4.673	3.738	20.454	1.946	72
5.050991	30.796	12.011	94.273	4.204	3.363	20.473	-1.563	72
5.081986	29.686	15.183	100.449	5.314	4.251	20.497	3.701	72
5.112974	29.978	14.349	95.564	5.022	4.018	20.519	-0.973	72
5.144137	29.920	14.513	96.797	5.080	4.064	20.542	0.191	72
5.174851	30.093	14.021	95.916	4.907	3.926	20.564	-0.574	72
5.205627	29.686	15.183	98.196	5.314	4.251	20.588	1.356	72
5.236369	30.442	13.023	93.735	4.558	3.646	20.609	-2.520	72
5.267142	30.093	14.021	97.721	4.907	3.926	20.631	1.165	72
5.297941	30.150	13.857	96.341	4.850	3.880	20.653	-0.191	72
5.328617	30.150	13.857	96.554	4.850	3.880	20.674	0.000	72
5.359497	30.385	13.187	95.606	4.615	3.692	20.695	-0.782	72
5.390203	29.624	15.361	99.557	5.376	4.301	20.719	2.536	72
5.421065	30.385	13.187	93.896	4.615	3.692	20.740	-2.536	72
5.452082	30.150	13.857	97.424	4.850	3.880	20.762	0.782	72
5.482989	30.385	13.187	95.693	4.615	3.692	20.783	-0.782	72
5.513781	30.270	13.515	96.971	4.730	3.784	20.804	0.383	72
5.544785	30.442	13.023	95.897	4.558	3.646	20.825	-0.574	72
5.575368	30.385	13.187	96.729	4.615	3.692	20.845	0.191	72
5.606016	30.562	12.681	95.826	4.438	3.551	20.865	-0.590	72
5.636797	30.150	13.857	98.139	4.850	3.880	20.887	1.372	72
5.667647	30.093	14.021	97.027	4.907	3.926	20.909	0.191	72
5.698438	30.442	13.023	95.412	4.558	3.646	20.930	-1.165	72
5.729427	30.562	12.681	96.102	4.438	3.551	20.950	-0.399	72
5.760122	30.150	13.857	98.223	4.850	3.880	20.972	1.372	72
5.790900	30.150	13.857	96.873	4.850	3.880	20.993	0.000	72
5.821575	30.562	12.681	95.192	4.438	3.551	21.013	-1.372	72
5.852522	30.093	14.021	98.525	4.907	3.926	21.035	1.563	72
5.883426	29.801	14.855	98.191	5.199	4.159	21.059	0.973	72
5.914501	30.150	13.857	95.796	4.850	3.880	21.081	-1.165	72
5.945132	30.150	13.857	96.982	4.850	3.880	21.102	0.000	72
5.976078	30.442	13.023	95.796	4.558	3.646	21.123	-0.973	72
6.006982	30.385	13.187	97.028	4.615	3.692	21.144	0.191	72
6.037847	30.442	13.023	96.619	4.558	3.646	21.164	-0.191	72
6.068751	30.212	13.679	97.782	4.788	3.830	21.186	0.766	72
6.099608	30.093	14.021	97.533	4.907	3.926	21.208	0.399	72
6.130234	30.442	13.023	95.710	4.558	3.646	21.228	-1.165	72
6.161459	30.442	13.023	96.895	4.558	3.646	21.249	0.000	72
6.193336	30.385	13.187	97.153	4.615	3.692	21.270	0.191	72
6.224167	30.093	14.021	98.191	4.907	3.926	21.292	0.973	72
6.255098	30.385	13.187	96.032	4.615	3.692	21.313	-0.973	72
6.286156	30.150	13.857	97.996	4.850	3.880	21.334	0.782	72
6.317034	30.442	13.023	96.028	4.558	3.646	21.355	-0.973	72
6.348012	29.566	15.525	100.646	5.434	4.347	21.379	2.919	72
6.378841	30.035	14.185	95.810	4.965	3.972	21.402	-1.563	72
6.409485	29.978	14.349	97.633	5.022	4.018	21.424	0.191	72
6.440079	30.093	14.021	96.989	4.907	3.926	21.446	-0.383	72
6.470973	30.327	13.351	96.424	4.673	3.738	21.467	-0.782	72
6.501884	29.801	14.855	99.405	5.199	4.159	21.491	1.755	72
6.532647	29.978	14.349	96.941	5.022	4.018	21.513	-0.590	72
6.563497	30.385	13.187	95.871	4.615	3.692	21.534	-1.356	72
6.594546	30.035	14.185	98.693	4.965	3.972	21.556	1.165	72
6.625394	29.801	14.855	98.521	5.199	4.159	21.580	0.782	72
6.656124	30.854	11.847	93.406	4.146	3.317	21.599	-3.510	72
6.687039	30.504	12.845	98.380	4.496	3.597	21.619	1.165	72
6.717903	30.676	12.353	96.523	4.324	3.459	21.638	-0.574	72
6.748968	29.920	14.513	100.245	5.080	4.064	21.661	2.520	72
6.779970	30.150	13.857	96.797	4.850	3.880	21.683	-0.766	72
6.810615	30.212	13.679	97.327	4.788	3.830	21.704	-0.207	72
6.841724	30.504	12.845	96.348	4.496	3.597	21.725	-0.973	72
6.873098	30.442	13.023	97.599	4.558	3.646	21.745	0.207	72
6.903861	30.212	13.679	98.363	4.788	3.830	21.767	0.766	72
6.934578	30.385	13.187	96.906	4.615	3.692	21.787	-0.574	72
6.965444	30.385	13.187	97.501	4.615	3.692	21.808	0.000	72
6.996271	30.504	12.845	97.026	4.496	3.597	21.828	-0.399	72
7.027043	30.562	12.681	97.208	4.438	3.551	21.848	-0.191	72
7.057735	29.686	15.183	101.043	5.314	4.251	21.872	2.919	72
7.088583	29.920	14.513	97.177	5.080	4.064	21.895	-0.782	72
7.119298	30.150	13.857	97.031	4.850	3.880	21.917	-0.766	72
7.154545	30.093	14.021	98.057	4.907	3.926	21.939	0.191	72
7.185337	30.504	12.845	96.184	4.496	3.597	21.959	-1.372	72
7.216142	30.150	13.857	99.042	4.850	3.880	21.981	1.180	72
7.246825	30.385	13.187	96.913	4.615	3.692	22.002	-0.782	72
7.277417	30.093	14.021	98.923	4.907	3.926	22.024	0.973	72
7.308137	29.978	14.349	98.447	5.022	4.018	22.047	0.383	72
7.338848	30.150	13.857	97.374	4.850	3.880	22.068	-0.574	72
7.369766	30.212	13.679	97.713	4.788	3.830	22.090	-0.207	72
7.400707	30.385	13.187	97.229	4.615	3.692	22.111	-0.574	72
7.431682	30.442	13.023	97.586	4.558	3.646	22.131	-0.191	72
7.462376	30.327	13.351	98.274	4.673	3.738	22.152	0.383	72
7.492992	30.093	14.021	98.882	4.907	3.926	22.174	0.782	72
7.523610	30.212	13.679	97.627	4.788	3.830	22.196	-0.399	72
7.554380	30.385	13.187	97.335	4.615	3.692	22.217	-0.574	72
7.585309	30.385	13.187	97.930	4.615	3.692	22.237	0.000	72
7.616185	30.504	12.845	97.456	4.496	3.597	22.258	-0.399	72
7.647035	30.854	11.847	96.429	4.146	3.317	22.276	-1.165	72
7.677841	30.212	13.679	100.266	4.788	3.830	22.298	2.138	72
7.708552	30.385	13.187	97.437	4.615	3.692	22.319	-0.574	72
7.739296	30.093	14.021	99.240	4.907	3.926	22.341	0.973	72
7.770272	29.624	15.361	100.229	5.376	4.301	22.365	1.563	72
7.801206	30.442	13.023	95.304	4.558	3.646	22.385	-2.728	72
7.832217	30.212	13.679	99.003	4.788	3.830	22.407	0.766	72
7.863217	30.150	13.857	98.516	4.850	3.880	22.429	0.207	72
7.894091	30.442	13.023	97.123	4.558	3.646	22.449	-0.973	72
7.925118	30.150	13.857	99.324	4.850	3.880	22.471	0.973	72
7.955974	30.442	13.023	97.165	4.558	3.646	22.492	-0.973	72
7.986883	30.442	13.023	98.159	4.558	3.646	22.512	0.000	72
8.017748	30.442	13.023	98.179	4.558	3.646	22.533	0.000	72
8.048728	30.212	13.679	99.150	4.788	3.830	22.554	0.766	72
8.079659	30.676	12.353	96.485	4.324	3.459	22.574	-1.547	72
8.110322	30.562	12.681	98.527	4.438	3.551	22.594	0.383	72
8.141102	30.504	12.845	98.402	4.496	3.597	22.614	0.191	72
8.171857	30.093	14.021	99.934	4.907	3.926	22.636	1.372	72
8.202641	30.442	13.023	97.138	4.558	3.646	22.657	-1.165	72
8.233530	30.212	13.679	99.274	4.788	3.830	22.678	0.766	72
8.264431	29.920	14.513	99.738	5.080	4.064	22.701	0.973	72
8.295304	30.150	13.857	97.837	4.850	3.880	22.723	-0.766	72
8.326293	30.270	13.515	98.130	4.730	3.784	22.744	-0.399	72
8.357018	30.504	12.845	97.579	4.496	3.597	22.764	-0.782	72
8.387715	30.442	13.023	98.639	4.558	3.646	22.785	0.207	72
8.418519	30.504	12.845	98.194	4.496	3.597	22.805	-0.207	72
8.449362	30.212	13.679	99.630	4.788	3.830	22.827	0.973	72
8.480299	30.442	13.023	97.728	4.558	3.646	22.847	-0.766	72
8.511273	30.442	13.023	98.514	4.558	3.646	22.868	0.000	72
8.542269	30.212	13.679	99.485	4.788	3.830	22.889	0.766	72
8.573389	30.035	14.185	99.474	4.965	3.972	22.911	0.590	72
8.604131	30.327	13.351	97.698	4.673	3.738	22.933	-0.973	72
8.634679	30.035	14.185	99.900	4.965	3.972	22.955	0.973	72
8.665437	30.734	12.189	96.058	4.266	3.413	22.974	-2.329	72
8.696195	30.212	13.679	100.565	4.788	3.830	22.996	1.739	72
8.727170	30.442	13.023	97.897	4.558	3.646	23.016	-0.766	72
8.758078	30.150	13.857	99.891	4.850	3.880	23.038	0.973	72
8.789003	30.212	13.679	98.682	4.788	3.830	23.059	-0.207	72
8.819837	30.150	13.857	99.169	4.850	3.880	23.081	0.207	72
8.850577	30.442	13.023	97.775	4.558	3.646	23.102	-0.973	72
8.881477	30.212	13.679	99.719	4.788	3.830	23.123	0.766	72
8.912219	30.504	12.845	97.767	4.496	3.597	23.144	-0.973	72
8.943189	30.442	13.023	99.018	4.558	3.646	23.164	0.207	72
8.973907	30.504	12.845	98.574	4.496	3.597	23.184	-0.207	72
9.004591	30.442	13.023	99.059	4.558	3.646	23.205	0.207	72
9.035337	30.150	13.857	100.080	4.850	3.880	23.227	0.973	72
9.066307	30.093	14.021	99.366	4.907	3.926	23.249	0.191	72
9.097131	30.385	13.187	97.989	4.615	3.692	23.270	-0.973	72
9.128173	30.385	13.187	98.983	4.615	3.692	23.290	0.000	72
9.159147	30.093	14.021	100.211	4.907	3.926	23.312	0.973	72
9.189754	30.442	13.023	97.815	4.558	3.646	23.333	-1.165	72
9.220771	29.978	14.349	100.921	5.022	4.018	23.355	1.547	72
9.251378	30.327	13.351	97.950	4.673	3.738	23.377	-1.165	72
9.282207	30.327	13.351	99.136	4.673	3.738	23.398	0.000	72
9.313117	30.504	12.845	98.424	4.496	3.597	23.418	-0.590	72
9.344179	30.562	12.681	98.797	4.438	3.551	23.438	-0.191	72
9.375190	30.385	13.187	99.741	4.615	3.692	23.459	0.590	72
9.406039	30.504	12.845	98.677	4.496	3.597	23.479	-0.399	72
9.437026	30.442	13.023	99.353	4.558	3.646	23.499	0.207	72
9.467764	30.442	13.023	99.166	4.558	3.646	23.520	0.000	72
9.498836	30.150	13.857	100.395	4.850	3.880	23.542	0.973	72
9.529780	30.385	13.187	98.473	4.615	3.692	23.562	-0.782	72
9.560550	30.093	14.021	100.483	4.907	3.926	23.584	0.973	72
9.591554	29.624	15.361	101.473	5.376	4.301	23.609	1.563	72
9.622179	30.093	14.021	97.993	4.907	3.926	23.631	-1.563	72
9.652896	30.327	13.351	98.608	4.673	3.738	23.652	-0.782	72
9.683521	30.270	13.515	99.649	4.730	3.784	23.673	0.191	72
9.714230	30.150	13.857	99.974	4.850	3.880	23.695	0.399	72
9.745133	30.442	13.023	98.389	4.558	3.646	23.715	-0.973	72
9.776047	30.150	13.857	100.590	4.850	3.880	23.737	0.973	72
9.806838	30.212	13.679	99.382	4.788	3.830	23.759	-0.207	72
9.837384	30.385	13.187	98.898	4.615	3.692	23.780	-0.574	72
9.868091	29.978	14.349	101.176	5.022	4.018	23.802	1.356	72
9.899090	30.150	13.857	99.130	4.850	3.880	23.824	-0.574	72
9.929721	30.270	13.515	99.231	4.730	3.784	23.845	-0.399	72
9.960576	30.150	13.857	100.146	4.850	3.880	23.867	0.399	72
9.991542	30.327	13.351	99.036	4.673	3.738	23.888	-0.590	72
Execution Info: 
Ref: #	Iteration time: 
Kp: 0.800000	Ki: 0.150000	Ki: 0.100000	Kd: 0.000000
