0.000503	7.011	85.978	124.989	42.989	42.989	10.000	0.000	72
0.031149	5.140	89.720	126.860	44.860	44.860	10.000	0.000	72
0.061679	4.910	90.180	127.090	45.090	45.090	10.000	0.000	72
0.092257	4.968	90.065	127.032	45.032	45.032	10.000	-0.000	72
0.123035	5.025	89.950	126.975	44.975	44.975	10.000	-0.000	72
0.153553	4.910	90.180	127.090	45.090	45.090	10.000	0.000	72
0.184290	5.260	89.481	126.741	44.741	44.741	10.000	-0.000	72
0.215152	5.082	89.835	126.918	44.918	44.918	10.000	0.000	72
0.246026	5.374	89.251	126.626	44.626	44.626	10.000	-0.000	72
0.276559	5.025	89.950	126.975	44.975	44.975	10.000	0.000	72
0.307134	5.374	89.251	126.626	44.626	44.626	10.000	-0.000	72
0.337639	5.609	88.782	126.391	44.391	44.391	10.000	-0.000	72
0.368175	5.082	89.835	126.918	44.918	44.918	10.000	0.000	72
0.398704	5.786	88.428	126.214	44.214	44.214	10.000	-0.000	72
0.429259	6.312	87.375	125.688	43.688	43.688	10.000	-0.000	72
0.460034	6.547	86.906	125.453	43.453	43.453	10.000	-0.000	72
0.490803	7.069	85.863	124.931	42.931	42.931	10.000	-0.000	72
0.521485	7.537	84.925	124.463	42.463	42.463	10.000	-0.000	72
0.552213	8.179	83.642	123.821	41.821	41.821	10.000	-0.000	72
0.582862	8.705	82.590	123.295	41.295	41.295	10.000	-0.000	72
0.613641	9.351	81.297	122.649	40.649	40.649	10.000	-0.000	72
0.644449	10.170	79.661	121.830	39.830	39.830	10.000	-0.000	72
0.675225	10.983	78.034	121.017	39.017	39.017	10.000	-0.000	72
0.705995	11.921	76.158	120.079	38.079	38.079	10.000	-0.000	72
0.736845	12.797	74.406	119.203	37.203	37.203	10.000	-0.000	72
0.767683	13.850	72.300	118.150	36.150	36.150	10.000	-0.000	72
0.798331	15.132	69.735	116.868	34.868	34.868	10.000	-0.000	72
0.828946	16.185	67.629	115.815	33.815	33.815	10.000	-0.000	72
0.859793	17.061	65.878	114.939	32.939	32.939	10.000	-0.000	72
0.890658	18.463	63.073	113.537	31.537	31.537	10.000	-0.000	72
0.921443	18.817	62.365	113.183	31.183	31.183	10.000	-0.000	72
0.952433	20.861	58.278	111.139	29.139	29.139	10.000	-0.000	72
0.983388	21.038	57.924	110.962	28.962	28.962	10.000	-0.000	72
1.014115	22.790	54.421	109.210	27.210	27.210	10.000	-0.000	72
1.044934	24.541	50.918	107.459	25.459	25.459	10.000	-0.000	72
1.075763	26.063	47.874	105.937	23.937	23.937	10.000	-0.000	72
1.106657	27.173	45.653	104.827	22.827	22.827	10.000	-0.000	72
1.137556	27.700	44.601	104.300	22.300	22.300	10.000	-0.000	72
1.168395	28.748	42.504	103.252	21.252	21.252	10.000	-0.000	72
1.199306	30.385	39.231	101.615	19.615	19.615	10.000	-0.000	72
1.229954	31.088	37.824	100.912	18.912	18.912	10.000	-0.000	72
1.260581	32.198	35.603	99.802	17.802	17.802	10.000	-0.000	72
1.291336	33.309	33.383	98.691	16.691	16.691	10.000	-0.000	72
1.322058	35.003	29.995	96.997	14.997	14.997	10.000	-0.000	72
1.352839	34.768	30.464	97.232	15.232	15.232	10.000	0.000	72
1.383802	35.821	28.358	96.179	14.179	14.179	10.000	-0.000	72
1.414557	36.874	26.252	95.126	13.126	13.126	10.000	-0.000	72
1.445272	38.099	23.802	93.901	11.901	11.901	10.000	-0.000	72
1.476033	38.568	22.864	93.432	11.432	11.432	10.000	-0.000	72
1.506742	39.970	20.059	92.030	10.030	10.030	10.000	-0.000	72
1.537295	40.669	18.662	91.331	9.331	9.331	10.000	-0.000	72
1.568228	41.430	17.140	90.570	8.570	8.570	10.000	-0.000	72
1.599214	42.598	14.805	89.402	7.402	7.402	10.000	-0.000	72
1.630163	43.359	13.283	88.641	6.641	6.641	10.000	-0.000	72
1.661027	43.651	12.699	88.349	6.349	6.349	10.000	-0.000	72
1.691777	44.641	10.718	87.359	5.359	5.359	10.000	-0.000	72
1.722336	45.402	9.196	86.598	4.598	4.598	10.000	-0.000	72
1.753097	45.814	8.373	86.186	4.186	4.186	10.000	-0.000	72
1.784070	46.862	6.277	85.138	3.138	3.138	10.000	-0.000	72
1.814955	46.924	6.152	85.076	3.076	3.076	10.000	-0.000	72
1.845733	47.565	4.870	85.000	2.435	2.435	10.000	-0.000	72
1.876361	48.149	3.702	85.000	1.851	1.851	10.000	-0.000	72
1.907197	48.441	3.118	85.000	1.559	1.559	10.000	-0.000	72
1.937957	48.910	2.180	85.000	1.090	1.090	10.000	-0.000	72
1.968850	48.967	2.065	85.000	1.033	1.033	10.000	-0.000	72
1.999851	49.494	1.012	85.000	0.506	0.506	10.000	-0.000	72
2.030561	49.082	1.835	85.000	0.918	0.918	10.000	0.000	72
2.061374	49.728	0.543	85.000	0.272	0.272	10.000	-0.000	72
2.092170	49.843	0.314	85.000	0.157	0.157	10.000	-0.000	72
2.123198	50.135	-0.270	85.000	-0.135	-0.135	10.000	-0.000	72
2.154023	49.963	0.074	85.000	0.037	0.037	10.000	0.000	72
2.184641	49.843	0.314	85.000	0.157	0.157	10.000	0.000	72
2.215441	49.259	1.481	85.000	0.741	0.741	10.000	0.000	72
2.246169	49.259	1.481	85.000	0.741	0.741	10.000	0.000	72
2.277168	50.312	-0.624	85.000	-0.312	-0.312	10.000	-0.000	72
2.307866	49.202	1.596	85.000	0.798	0.798	10.000	0.000	72
2.338576	49.145	1.711	85.000	0.855	0.855	10.000	0.000	72
2.369346	49.671	0.658	85.000	0.329	0.329	10.000	-0.000	72
2.400448	49.728	0.543	85.000	0.272	0.272	10.000	-0.000	72
2.431283	49.317	1.366	85.000	0.683	0.683	10.000	0.000	72
2.462398	49.551	0.897	85.000	0.449	0.449	10.000	-0.000	72
2.493355	48.149	3.702	85.000	1.851	1.851	10.000	0.000	72
2.524029	49.025	1.950	85.000	0.975	0.975	10.000	-0.000	72
2.554705	48.733	2.534	85.000	1.267	1.267	10.000	0.000	72
2.585513	48.561	2.879	85.000	1.439	1.439	10.000	0.000	72
2.616207	48.853	2.295	85.000	1.147	1.147	10.000	-0.000	72
2.646999	47.972	4.056	85.000	2.028	2.028	10.000	0.000	72
2.677926	47.857	4.286	85.000	2.143	2.143	10.000	0.000	72
2.708854	47.680	4.640	85.000	2.320	2.320	10.000	0.000	72
2.739532	47.680	4.640	85.000	2.320	2.320	10.000	0.000	72
2.770324	47.216	5.568	85.000	2.784	2.784	10.000	0.000	72
2.801074	47.096	5.808	85.000	2.904	2.904	10.000	0.000	72
2.831784	46.689	6.621	85.311	3.311	3.311	10.000	0.000	72
2.862637	47.096	5.808	85.000	2.904	2.904	10.000	-0.000	72
2.893445	46.220	7.559	85.780	3.780	3.780	10.000	0.000	72
2.924469	46.106	7.789	85.894	3.894	3.894	10.000	0.000	72
2.955207	46.106	7.789	85.894	3.894	3.894	10.000	0.000	72
2.986017	45.694	8.612	86.306	4.306	4.306	10.000	0.000	72
3.016761	45.522	8.957	86.478	4.478	4.478	10.000	0.000	72
3.047451	45.230	9.540	86.770	4.770	4.770	10.000	0.000	72
3.078274	45.053	9.895	86.947	4.947	4.947	10.000	0.000	72
3.109209	45.402	9.196	86.598	4.598	4.598	10.000	-0.000	72
3.140300	44.411	11.177	87.589	5.589	5.589	10.000	0.000	72
3.170893	44.584	10.833	87.416	5.416	5.416	10.000	-0.000	72
3.201499	44.000	12.000	88.000	6.000	6.000	10.000	0.000	72
3.232234	43.942	12.115	88.058	6.058	6.058	10.000	0.000	72
3.263120	43.301	13.398	88.699	6.699	6.699	10.000	0.000	72
3.294180	43.531	12.938	88.469	6.469	6.469	10.000	-0.000	72
3.325304	43.359	13.283	88.641	6.641	6.641	10.000	0.000	72
3.356424	43.181	13.637	88.819	6.819	6.819	10.000	0.000	72
3.387275	42.890	14.221	89.110	7.110	7.110	10.000	0.000	72
3.418039	42.540	14.920	89.460	7.460	7.460	10.000	0.000	72
3.448817	42.306	15.389	89.694	7.694	7.694	10.000	0.000	72
3.479509	42.248	15.503	89.752	7.752	7.752	10.000	0.000	72
3.510422	42.248	15.503	89.752	7.752	7.752	10.000	0.000	72
3.541371	41.545	16.910	90.455	8.455	8.455	10.000	0.000	72
3.572407	41.545	16.910	90.455	8.455	8.455	10.000	0.000	72
3.603306	40.669	18.662	91.331	9.331	9.331	10.000	0.000	72
3.634319	41.138	17.724	90.862	8.862	8.862	10.000	-0.000	72
3.664987	41.253	17.494	90.747	8.747	8.747	10.000	-0.000	72
3.695871	40.961	18.078	91.039	9.039	9.039	10.000	0.000	72
3.726873	40.726	18.547	91.274	9.274	9.274	10.000	0.000	72
3.757909	40.846	18.308	91.154	9.154	9.154	10.000	-0.000	72
3.788440	40.497	19.007	91.503	9.503	9.503	10.000	0.000	72
3.819162	40.497	19.007	91.503	9.503	9.503	10.000	0.000	72
3.850127	40.377	19.246	91.623	9.623	9.623	10.000	0.000	72
3.880753	40.143	19.715	91.857	9.857	9.857	10.000	0.000	72
3.911477	40.085	19.830	91.915	9.915	9.915	10.000	0.000	72
3.942279	39.793	20.414	92.207	10.207	10.207	10.000	0.000	72
3.972996	39.678	20.643	92.322	10.322	10.322	10.000	0.000	72
4.003953	38.683	22.634	93.317	11.317	11.317	10.000	0.000	72
4.034588	39.032	21.935	92.968	10.968	10.968	10.000	-0.000	72
4.065230	39.444	21.112	92.556	10.556	10.556	10.000	-0.000	72
4.095932	39.616	20.768	92.384	10.384	10.384	10.000	-0.000	72
4.126892	39.501	20.997	92.499	10.499	10.499	10.000	0.000	72
4.157821	39.559	20.883	92.441	10.441	10.441	10.000	-0.000	72
4.188703	39.559	20.883	92.441	10.441	10.441	10.000	0.000	72
4.219586	39.678	20.643	92.322	10.322	10.322	10.000	-0.000	72
4.250381	39.908	20.184	92.092	10.092	10.092	10.000	-0.000	72
4.281181	39.736	20.528	92.264	10.264	10.264	10.000	0.000	72
4.312330	39.386	21.227	92.614	10.614	10.614	10.000	0.000	72
4.343221	39.501	20.997	92.499	10.499	10.499	10.000	-0.000	72
4.374312	38.860	22.280	93.140	11.140	11.140	10.000	0.000	72
4.405402	39.324	21.352	92.676	10.676	10.676	10.000	-0.000	72
4.436370	39.324	21.352	92.676	10.676	10.676	10.000	0.000	72
4.467119	39.386	21.227	92.614	10.614	10.614	10.000	-0.000	72
4.497883	39.616	20.768	92.384	10.384	10.384	10.000	-0.000	72
4.528726	39.501	20.997	92.499	10.499	10.499	10.000	0.000	72
4.559524	39.032	21.935	92.968	10.968	10.968	10.000	0.000	72
4.590326	39.386	21.227	92.614	10.614	10.614	10.000	-0.000	72
4.621271	39.267	21.466	92.733	10.733	10.733	10.000	0.000	72
4.652126	39.267	21.466	92.733	10.733	10.733	10.000	0.000	72
4.682811	39.616	20.768	92.384	10.384	10.384	10.000	-0.000	72
4.713651	39.616	20.768	92.384	10.384	10.384	10.000	0.000	72
4.744621	39.209	21.581	92.791	10.791	10.791	10.000	0.000	72
4.775559	39.324	21.352	92.676	10.676	10.676	10.000	-0.000	72
4.806563	39.559	20.883	92.441	10.441	10.441	10.000	-0.000	72
4.837545	39.386	21.227	92.614	10.614	10.614	10.000	0.000	72
4.868509	39.678	20.643	92.322	10.322	10.322	10.000	-0.000	72
4.899177	39.386	21.227	92.614	10.614	10.614	10.000	0.000	72
4.929852	39.501	20.997	92.499	10.499	10.499	10.000	-0.000	72
4.960624	38.798	22.404	93.202	11.202	11.202	10.000	0.000	72
4.991490	39.616	20.768	92.384	10.384	10.384	10.000	-0.000	72
5.022418	39.678	20.643	92.322	10.322	10.322	10.000	-0.000	72
5.053367	39.501	20.997	92.499	10.499	10.499	10.000	0.000	72
5.084369	39.616	20.768	92.384	10.384	10.384	10.000	-0.000	72
5.115116	38.740	22.519	93.260	11.260	11.260	10.000	0.000	72
5.145743	39.267	21.466	92.733	10.733	10.733	10.000	-0.000	72
5.176458	39.616	20.768	92.384	10.384	10.384	10.000	-0.000	72
5.207191	39.386	21.227	92.614	10.614	10.614	10.000	0.000	72
5.238086	39.386	21.227	92.614	10.614	10.614	10.000	0.000	72
5.268934	39.152	21.696	92.848	10.848	10.848	10.000	0.000	72
5.299816	39.559	20.883	92.441	10.441	10.441	10.000	-0.000	72
5.330508	38.740	22.519	93.260	11.260	11.260	10.000	0.000	72
5.361372	39.793	20.414	92.207	10.207	10.207	10.000	-0.000	72
5.392318	39.736	20.528	92.264	10.264	10.264	10.000	0.000	72
5.423290	39.444	21.112	92.556	10.556	10.556	10.000	0.000	72
5.454335	39.793	20.414	92.207	10.207	10.207	10.000	-0.000	72
5.485366	39.324	21.352	92.676	10.676	10.676	10.000	0.000	72
5.516340	39.324	21.352	92.676	10.676	10.676	10.000	0.000	72
5.546983	39.324	21.352	92.676	10.676	10.676	10.000	0.000	72
5.577684	39.444	21.112	92.556	10.556	10.556	10.000	-0.000	72
5.608684	39.851	20.299	92.149	10.149	10.149	10.000	-0.000	72
5.639301	39.267	21.466	92.733	10.733	10.733	10.000	0.000	72
5.670360	39.559	20.883	92.441	10.441	10.441	10.000	-0.000	72
5.701350	39.324	21.352	92.676	10.676	10.676	10.000	0.000	72
5.732224	39.444	21.112	92.556	10.556	10.556	10.000	-0.000	72
5.762953	39.616	20.768	92.384	10.384	10.384	10.000	-0.000	72
5.793919	39.032	21.935	92.968	10.968	10.968	10.000	0.000	72
5.824699	39.501	20.997	92.499	10.499	10.499	10.000	-0.000	72
5.855491	40.028	19.945	91.972	9.972	9.972	10.000	-0.000	72
5.886379	39.386	21.227	92.614	10.614	10.614	10.000	0.000	72
5.917386	38.917	22.165	93.083	11.083	11.083	10.000	0.000	72
5.948261	39.386	21.227	92.614	10.614	10.614	10.000	-0.000	72
5.978916	39.736	20.528	92.264	10.264	10.264	10.000	-0.000	72
6.009639	39.386	21.227	92.614	10.614	10.614	10.000	0.000	72
6.040293	39.616	20.768	92.384	10.384	10.384	10.000	-0.000	72
6.071110	39.793	20.414	92.207	10.207	10.207	10.000	-0.000	72
6.102030	39.090	21.821	92.910	10.910	10.910	10.000	0.000	72
6.132793	39.444	21.112	92.556	10.556	10.556	10.000	-0.000	72
6.163620	40.028	19.945	91.972	9.972	9.972	10.000	-0.000	72
6.194162	38.683	22.634	93.317	11.317	11.317	10.000	0.000	72
6.224996	39.501	20.997	92.499	10.499	10.499	10.000	-0.000	72
6.255638	39.032	21.935	92.968	10.968	10.968	10.000	0.000	72
6.286308	39.324	21.352	92.676	10.676	10.676	10.000	-0.000	72
6.317313	39.267	21.466	92.733	10.733	10.733	10.000	0.000	72
6.348222	39.793	20.414	92.207	10.207	10.207	10.000	-0.000	72
6.379168	38.740	22.519	93.260	11.260	11.260	10.000	0.000	72
6.409918	39.324	21.352	92.676	10.676	10.676	10.000	-0.000	72
6.440685	39.501	20.997	92.499	10.499	10.499	10.000	-0.000	72
6.471470	39.386	21.227	92.614	10.614	10.614	10.000	0.000	72
6.502175	39.209	21.581	92.791	10.791	10.791	10.000	0.000	72
6.533161	39.501	20.997	92.499	10.499	10.499	10.000	-0.000	72
6.564164	39.267	21.466	92.733	10.733	10.733	10.000	0.000	72
6.595155	39.793	20.414	92.207	10.207	10.207	10.000	-0.000	72
6.626037	39.678	20.643	92.322	10.322	10.322	10.000	0.000	72
6.656658	39.324	21.352	92.676	10.676	10.676	10.000	0.000	72
6.687403	39.851	20.299	92.149	10.149	10.149	10.000	-0.000	72
6.718229	39.267	21.466	92.733	10.733	10.733	10.000	0.000	72
6.749147	38.860	22.280	93.140	11.140	11.140	10.000	0.000	72
6.779954	39.444	21.112	92.556	10.556	10.556	10.000	-0.000	72
6.810785	39.267	21.466	92.733	10.733	10.733	10.000	0.000	72
6.841435	39.501	20.997	92.499	10.499	10.499	10.000	-0.000	72
6.872601	39.209	21.581	92.791	10.791	10.791	10.000	0.000	72
6.903257	39.324	21.352	92.676	10.676	10.676	10.000	-0.000	72
6.934057	39.501	20.997	92.499	10.499	10.499	10.000	-0.000	72
6.964869	39.908	20.184	92.092	10.092	10.092	10.000	-0.000	72
6.995716	39.559	20.883	92.441	10.441	10.441	10.000	0.000	72
7.026587	38.568	22.864	93.432	11.432	11.432	10.000	0.000	72
7.057266	39.324	21.352	92.676	10.676	10.676	10.000	-0.000	72
7.087889	38.740	22.519	93.260	11.260	11.260	10.000	0.000	72
7.118691	39.386	21.227	92.614	10.614	10.614	10.000	-0.000	72
7.149533	38.798	22.404	93.202	11.202	11.202	10.000	0.000	72
7.180075	39.501	20.997	92.499	10.499	10.499	10.000	-0.000	72
7.210772	39.793	20.414	92.207	10.207	10.207	10.000	-0.000	72
7.241403	39.444	21.112	92.556	10.556	10.556	10.000	0.000	72
7.272104	39.324	21.352	92.676	10.676	10.676	10.000	0.000	72
7.302763	39.501	20.997	92.499	10.499	10.499	10.000	-0.000	72
7.333568	38.683	22.634	93.317	11.317	11.317	10.000	0.000	72
7.364316	39.501	20.997	92.499	10.499	10.499	10.000	-0.000	72
7.395275	39.908	20.184	92.092	10.092	10.092	10.000	-0.000	72
7.426406	39.152	21.696	92.848	10.848	10.848	10.000	0.000	72
7.457330	39.267	21.466	92.733	10.733	10.733	10.000	-0.000	72
7.487981	39.444	21.112	92.556	10.556	10.556	10.000	-0.000	72
7.518685	39.501	20.997	92.499	10.499	10.499	10.000	-0.000	72
7.549606	39.267	21.466	92.733	10.733	10.733	10.000	0.000	72
7.580393	38.798	22.404	93.202	11.202	11.202	10.000	0.000	72
7.611307	39.209	21.581	92.791	10.791	10.791	10.000	-0.000	72
7.642265	39.501	20.997	92.499	10.499	10.499	10.000	-0.000	72
7.673206	39.616	20.768	92.384	10.384	10.384	10.000	-0.000	72
7.703926	39.444	21.112	92.556	10.556	10.556	10.000	0.000	72
7.734749	39.444	21.112	92.556	10.556	10.556	10.000	0.000	72
7.765654	39.324	21.352	92.676	10.676	10.676	10.000	0.000	72
7.796346	39.444	21.112	92.556	10.556	10.556	10.000	-0.000	72
7.827393	39.267	21.466	92.733	10.733	10.733	10.000	0.000	72
7.858390	39.267	21.466	92.733	10.733	10.733	10.000	0.000	72
7.889152	38.975	22.050	93.025	11.025	11.025	10.000	0.000	72
7.920086	39.267	21.466	92.733	10.733	10.733	10.000	-0.000	72
7.950887	39.324	21.352	92.676	10.676	10.676	10.000	-0.000	72
7.981744	39.908	20.184	92.092	10.092	10.092	10.000	-0.000	72
8.012563	39.324	21.352	92.676	10.676	10.676	10.000	0.000	72
8.043571	38.860	22.280	93.140	11.140	11.140	10.000	0.000	72
8.074547	39.616	20.768	92.384	10.384	10.384	10.000	-0.000	72
8.105433	39.267	21.466	92.733	10.733	10.733	10.000	0.000	72
8.136269	39.501	20.997	92.499	10.499	10.499	10.000	-0.000	72
8.166857	39.267	21.466	92.733	10.733	10.733	10.000	0.000	72
8.197550	39.267	21.466	92.733	10.733	10.733	10.000	0.000	72
8.228214	39.386	21.227	92.614	10.614	10.614	10.000	-0.000	72
8.259128	39.324	21.352	92.676	10.676	10.676	10.000	0.000	72
8.289907	39.267	21.466	92.733	10.733	10.733	10.000	0.000	72
8.320650	38.975	22.050	93.025	11.025	11.025	10.000	0.000	72
8.351239	39.324	21.352	92.676	10.676	10.676	10.000	-0.000	72
8.381879	39.559	20.883	92.441	10.441	10.441	10.000	-0.000	72
8.412716	39.851	20.299	92.149	10.149	10.149	10.000	-0.000	72
8.443537	39.678	20.643	92.322	10.322	10.322	10.000	0.000	72
8.474420	39.324	21.352	92.676	10.676	10.676	10.000	0.000	72
8.505142	39.267	21.466	92.733	10.733	10.733	10.000	0.000	72
8.536197	39.444	21.112	92.556	10.556	10.556	10.000	-0.000	72
8.567144	39.908	20.184	92.092	10.092	10.092	10.000	-0.000	72
8.598035	39.209	21.581	92.791	10.791	10.791	10.000	0.000	72
8.628773	39.324	21.352	92.676	10.676	10.676	10.000	-0.000	72
8.659664	39.267	21.466	92.733	10.733	10.733	10.000	0.000	72
8.690677	38.798	22.404	93.202	11.202	11.202	10.000	0.000	72
8.721591	39.267	21.466	92.733	10.733	10.733	10.000	-0.000	72
8.752608	39.444	21.112	92.556	10.556	10.556	10.000	-0.000	72
8.783297	39.559	20.883	92.441	10.441	10.441	10.000	-0.000	72
8.814069	39.324	21.352	92.676	10.676	10.676	10.000	0.000	72
8.844820	39.501	20.997	92.499	10.499	10.499	10.000	-0.000	72
8.875461	39.152	21.696	92.848	10.848	10.848	10.000	0.000	72
8.906299	39.386	21.227	92.614	10.614	10.614	10.000	-0.000	72
8.937134	39.501	20.997	92.499	10.499	10.499	10.000	-0.000	72
8.968107	39.616	20.768	92.384	10.384	10.384	10.000	-0.000	72
8.998686	40.143	19.715	91.857	9.857	9.857	10.000	-0.000	72
9.029287	39.616	20.768	92.384	10.384	10.384	10.000	0.000	72
9.060055	39.908	20.184	92.092	10.092	10.092	10.000	-0.000	72
9.090995	39.324	21.352	92.676	10.676	10.676	10.000	0.000	72
9.121733	39.444	21.112	92.556	10.556	10.556	10.000	-0.000	72
9.152729	39.386	21.227	92.614	10.614	10.614	10.000	0.000	72
9.183672	39.267	21.466	92.733	10.733	10.733	10.000	0.000	72
9.214325	39.736	20.528	92.264	10.264	10.264	10.000	-0.000	72
9.245025	39.501	20.997	92.499	10.499	10.499	10.000	0.000	72
9.275647	39.324	21.352	92.676	10.676	10.676	10.000	0.000	72
9.306374	39.444	21.112	92.556	10.556	10.556	10.000	-0.000	72
9.337116	39.501	20.997	92.499	10.499	10.499	10.000	-0.000	72
9.368034	39.678	20.643	92.322	10.322	10.322	10.000	-0.000	72
9.398981	39.444	21.112	92.556	10.556	10.556	10.000	0.000	72
9.429570	39.386	21.227	92.614	10.614	10.614	10.000	0.000	72
9.460343	38.860	22.280	93.140	11.140	11.140	10.000	0.000	72
9.491119	39.209	21.581	92.791	10.791	10.791	10.000	-0.000	72
9.521927	39.267	21.466	92.733	10.733	10.733	10.000	-0.000	72
9.552699	38.391	23.218	93.609	11.609	11.609	10.000	0.000	72
9.583521	39.444	21.112	92.556	10.556	10.556	10.000	-0.000	72
9.614269	39.324	21.352	92.676	10.676	10.676	10.000	0.000	72
9.644975	39.851	20.299	92.149	10.149	10.149	10.000	-0.000	72
9.675646	39.032	21.935	92.968	10.968	10.968	10.000	0.000	72
9.706363	39.851	20.299	92.149	10.149	10.149	10.000	-0.000	72
9.737161	39.678	20.643	92.322	10.322	10.322	10.000	0.000	72
9.768119	39.501	20.997	92.499	10.499	10.499	10.000	0.000	72
9.799100	39.324	21.352	92.676	10.676	10.676	10.000	0.000	72
9.830240	39.267	21.466	92.733	10.733	10.733	10.000	0.000	72
9.860845	39.324	21.352	92.676	10.676	10.676	10.000	-0.000	72
9.891587	39.736	20.528	92.264	10.264	10.264	10.000	-0.000	72
9.922257	39.501	20.997	92.499	10.499	10.499	10.000	0.000	72
9.953219	39.324	21.352	92.676	10.676	10.676	10.000	0.000	72
9.984174	39.444	21.112	92.556	10.556	10.556	10.000	-0.000	72
Execution Info: 
Ref: 2	Iteration time: 
Kp: 1.000000	Ki: 0.000000	Ki: 0.000000	Kd: 0.000000
